7378890691
5666925992
8203206086
6555432650
7981150352
44444861
2897793520
6793141864
5560769997
5952422569
2034252252
1810075090
1709041234
6946382999
534296865
1647410432
907192946
2311218855
9388874680
3315317437
176435931
8293307683
3273498201
3273201293
6462366522
5636252832
5442790825
5768965965
1433028386
6286235169
7354871829
3054824699
6423983413
1945920558
5923784909
4181404214
6539909713
1521368023
8714148399
1907710986
5416692980
9250852702
1690749716
1220251998
1706769457
3118527987
497675426
8289497740
5376645069
9205542618
1653762338
632800187
2480179589
1706344442
4199349015
2072831761
2241271954
244997225
290688747
8014034118
